line
100 0 -71 0 100 71
line
100 0 -71 0 -100 71
line
100 0 -71 -100 0 -71
line
-100 0 -71 0 100 71
line
-100 0 -71 0 -100 71
line
0 -100 71 0 100 71
ident
rotate
z 25
line
10 0 -7 0 10 7
line
10 0 -7 0 -10 7
line
10 0 -7 -10 0 -7
line
-10 0 -7 0 10 7
line
-10 0 -7 0 -10 7
line
0 -10 7 0 10 7
line
200 0 -141 0 200 141
line
200 0 -141 0 -200 141
line
200 0 -141 -200 0 -141
line
-200 0 -141 0 200 141
line
-200 0 -141 0 -200 141
line
0 -200 141 0 200 141
line
150 0 -106 0 150 106
line
150 0 -106 0 -150 106
line
150 0 -106 -150 0 -106
line
-150 0 -106 0 150 106
line
-150 0 -106 0 -150 106
line
0 -150 106 0 150 106
line
50 0 -35 0 50 35
line
50 0 -35 0 -50 35
line
50 0 -35 -50 0 -35
line
-50 0 -35 0 50 35
line
-50 0 -35 0 -50 35
line
0 -50 35 0 50 35
rotate
y 25
move
250 250 0
apply
display
save
pic.png
quit
